1400.000000	0.032059
1398.000000	0.069686
1396.000000	0.064885
1394.000000	-0.004080
1392.000000	0.033645
1390.000000	0.010570
1388.000000	-0.013062
1386.000000	0.049602
1384.000000	0.044566
1382.000000	0.047781
1380.000000	0.096117
1378.000000	0.104048
1376.000000	0.114885
1374.000000	0.254476
1372.000000	0.386024
1370.000000	0.468893
1368.000000	0.653512
1366.000000	0.712391
1364.000000	0.866554
1362.000000	0.990268
1360.000000	0.919137
1358.000000	1.187889
1356.000000	1.258315
1354.000000	1.386220
1352.000000	1.498901
1350.000000	1.571444
1348.000000	1.811138
1346.000000	1.904124
1344.000000	2.041107
1342.000000	2.225450
1340.000000	2.500815
1338.000000	2.794475
1336.000000	3.024461
1334.000000	3.377210
1332.000000	3.690559
1330.000000	4.035616
1328.000000	4.418908
1326.000000	4.859829
1324.000000	5.220240
1322.000000	5.744256
1320.000000	6.134124
1318.000000	6.595390
1316.000000	7.067015
1314.000000	7.504715
1312.000000	7.919368
1310.000000	8.365966
1308.000000	8.745678
1306.000000	9.164085
1304.000000	9.545073
1302.000000	9.920304
1300.000000	10.285802
1298.000000	10.603343
1296.000000	10.890278
1294.000000	11.193300
1292.000000	11.440847
1290.000000	11.666257
1288.000000	11.868097
1286.000000	12.124323
1284.000000	12.257218
1282.000000	12.397568
1280.000000	12.492334
1278.000000	12.615493
1276.000000	12.734270
1274.000000	12.774210
1272.000000	12.836396
1270.000000	12.865767
1268.000000	12.846596
1266.000000	12.860648
1264.000000	12.832201
1262.000000	12.757219
1260.000000	12.692096
1258.000000	12.641745
1256.000000	12.580626
1254.000000	12.470375
1252.000000	12.345062
1250.000000	12.239528
1248.000000	12.142666
1246.000000	11.978194
1244.000000	11.875156
1242.000000	11.776674
1240.000000	11.662650
1238.000000	11.506535
1236.000000	11.357939
1234.000000	11.264138
1232.000000	11.146058
1230.000000	11.029866
1228.000000	10.872359
1226.000000	10.696634
1224.000000	10.614498
1222.000000	10.501535
1220.000000	10.401808
1218.000000	10.300873
1216.000000	10.149073
1214.000000	10.058467
1212.000000	9.982779
1210.000000	9.872687
1208.000000	9.774785
1206.000000	9.644412
1204.000000	9.573277
1202.000000	9.503964
1200.000000	9.384787
1198.000000	9.318870
1196.000000	9.225500
1194.000000	9.138178
1192.000000	9.171979
1190.000000	9.217002
1188.000000	9.208075
1186.000000	9.183181
1184.000000	9.199652
1182.000000	9.214131
1180.000000	9.242024
1178.000000	9.257996
1176.000000	9.231512
1174.000000	9.218920
1172.000000	9.195811
1170.000000	9.185299
1168.000000	9.193684
1166.000000	9.180987
1164.000000	9.195058
1162.000000	9.228125
1160.000000	9.298805
1158.000000	9.392842
1156.000000	9.534987
1154.000000	9.753071
1152.000000	10.139176
1150.000000	10.625550
1148.000000	11.199402
1146.000000	12.013483
1144.000000	12.940596
1142.000000	13.963949
1140.000000	15.100386
1138.000000	16.216773
1136.000000	17.285730
1134.000000	18.315426
1132.000000	19.217346
1130.000000	19.956349
1128.000000	20.504917
1126.000000	20.933913
1124.000000	21.267772
1122.000000	21.508258
1120.000000	21.692247
1118.000000	21.784243
1116.000000	21.869032
1114.000000	21.943147
1112.000000	22.042147
1110.000000	22.083826
1108.000000	22.091026
1106.000000	22.154642
1104.000000	22.164457
1102.000000	22.185051
1100.000000	22.228087
1098.000000	22.267183
1096.000000	22.301433
1094.000000	22.358173
1092.000000	22.346739
1090.000000	22.341936
1088.000000	22.363745
1086.000000	22.320173
1084.000000	22.265068
1082.000000	22.207661
1080.000000	22.211071
1078.000000	22.160977
1076.000000	22.078469
1074.000000	21.960976
1072.000000	21.864426
1070.000000	21.766504
1068.000000	21.593725
1066.000000	21.476957
1064.000000	21.410498
1062.000000	21.221033
1060.000000	21.091777
1058.000000	20.950348
1056.000000	20.707016
1054.000000	20.537514
1052.000000	20.385959
1050.000000	20.139783
1048.000000	19.910813
1046.000000	19.748228
1044.000000	19.504486
1042.000000	19.300713
1040.000000	19.120170
1038.000000	18.831050
1036.000000	18.628887
1034.000000	18.383117
1032.000000	18.023869
1030.000000	17.753252
1028.000000	17.506066
1026.000000	17.195795
1024.000000	16.982175
1022.000000	16.664495
1020.000000	16.490621
1018.000000	16.001517
1016.000000	15.772670
1014.000000	15.493980
1012.000000	15.277193
1010.000000	15.058940
1008.000000	14.729700
1006.000000	14.430555
1004.000000	14.173900
1002.000000	13.926966
1000.000000	13.745135
998.000000	13.468064
996.000000	13.250499
994.000000	13.016133
992.000000	12.806229
990.000000	12.534333
988.000000	12.363029
986.000000	12.260619
984.000000	12.139896
982.000000	12.054291
980.000000	11.782166
978.000000	11.698261
976.000000	11.418753
974.000000	11.437641
972.000000	11.392048
970.000000	11.583498
968.000000	11.361758
966.000000	11.156445
964.000000	11.267738
962.000000	11.400907
960.000000	11.454429
958.000000	11.662190
956.000000	11.433517
954.000000	11.910238
952.000000	12.325214
950.000000	12.701935
948.000000	12.961786
946.000000	13.250649
944.000000	13.284813
942.000000	13.543309
940.000000	13.797822
938.000000	13.756194
936.000000	13.983827
934.000000	14.140073
932.000000	14.081266
930.000000	14.303857
928.000000	13.894689
926.000000	14.191821
924.000000	14.220752
922.000000	14.354913
920.000000	14.471803
918.000000	14.161580
916.000000	13.871055
914.000000	14.045936
912.000000	13.851886
910.000000	13.884841
908.000000	13.535014
906.000000	13.608800
904.000000	13.581904
902.000000	13.759199
900.000000	13.527996
898.000000	13.343162
896.000000	13.122801
894.000000	13.378994
892.000000	12.657640
890.000000	13.612934
888.000000	12.565387
886.000000	13.176351
884.000000	12.438431
882.000000	12.526899
880.000000	12.078372
878.000000	12.194152
876.000000	12.346663
874.000000	12.577852
872.000000	12.093751
870.000000	11.813901
868.000000	11.653801
866.000000	11.147114
864.000000	11.555940
862.000000	12.302798
860.000000	12.556380
858.000000	11.156993
856.000000	10.494379
854.000000	10.363923
852.000000	11.990015
850.000000	10.954615
848.000000	10.099224
846.000000	10.839275
844.000000	10.303495
842.000000	10.833790
840.000000	10.922422
838.000000	10.600689
836.000000	10.583995
834.000000	10.304661
832.000000	10.576468
830.000000	10.176327
828.000000	10.426805
826.000000	10.003750
824.000000	9.520311
822.000000	9.438277
820.000000	9.702360
818.000000	9.635603
816.000000	9.413977
814.000000	9.413262
812.000000	9.259485
810.000000	8.912730
808.000000	8.849850
806.000000	8.720725
804.000000	8.896384
802.000000	8.881691
800.000000	8.811788
798.000000	8.885785
796.000000	8.860722
794.000000	8.725066
792.000000	8.368308
790.000000	8.304182
788.000000	8.011578
786.000000	8.024167
784.000000	7.971432
782.000000	7.782462
780.000000	7.542681
778.000000	7.618660
776.000000	7.555903
774.000000	7.418524
772.000000	7.381210
770.000000	7.476791
768.000000	7.288877
766.000000	7.076832
764.000000	7.026344
762.000000	6.870225
760.000000	6.662512
758.000000	6.716129
756.000000	6.767499
754.000000	6.600107
752.000000	6.486341
750.000000	6.313083
748.000000	6.222708
746.000000	6.196507
744.000000	6.089062
742.000000	5.982994
740.000000	5.980241
738.000000	5.992351
736.000000	5.829489
734.000000	5.787220
732.000000	5.627273
730.000000	5.606548
728.000000	5.586464
726.000000	5.509928
724.000000	5.480521
722.000000	5.335068
720.000000	5.208991
718.000000	5.171590
716.000000	5.121830
714.000000	5.041318
712.000000	5.009724
710.000000	4.942607
708.000000	4.868673
706.000000	4.872170
704.000000	4.834066
702.000000	4.713975
700.000000	4.608063
698.000000	4.515290
696.000000	4.530481
694.000000	4.473465
692.000000	4.393522
690.000000	4.308917
688.000000	4.204891
686.000000	4.171691
684.000000	4.055024
682.000000	3.972116
680.000000	3.970056
678.000000	3.911185
676.000000	3.866049
674.000000	3.763359
672.000000	3.708144
670.000000	3.691735
668.000000	3.592625
666.000000	3.520163
664.000000	3.507585
662.000000	3.481191
660.000000	3.404143
658.000000	3.338084
656.000000	3.262129
654.000000	3.198645
652.000000	3.163926
650.000000	3.104924
648.000000	3.064247
646.000000	3.014425
644.000000	2.948423
642.000000	2.913562
640.000000	2.865450
638.000000	2.797123
636.000000	2.762386
634.000000	2.749484
632.000000	2.672081
630.000000	2.590694
628.000000	2.563298
626.000000	2.541591
624.000000	2.492585
622.000000	2.440465
620.000000	2.396225
618.000000	2.369570
616.000000	2.319601
614.000000	2.276778
612.000000	2.262731
610.000000	2.216363
608.000000	2.146333
606.000000	2.095564
604.000000	2.064054
602.000000	2.035654
600.000000	2.002154
598.000000	1.975088
596.000000	1.938710
594.000000	1.912969
592.000000	1.884005
590.000000	1.837982
588.000000	1.806305
586.000000	1.758954
584.000000	1.750813
582.000000	1.711574
580.000000	1.680215
578.000000	1.658369
576.000000	1.620068
574.000000	1.613882
572.000000	1.572247
570.000000	1.539832
568.000000	1.518672
566.000000	1.493623
564.000000	1.456702
562.000000	1.430109
560.000000	1.429330
558.000000	1.393884
556.000000	1.355880
554.000000	1.330120
552.000000	1.312987
550.000000	1.295377
548.000000	1.277154
546.000000	1.239436
544.000000	1.226764
542.000000	1.215526
540.000000	1.199316
538.000000	1.177794
536.000000	1.160120
534.000000	1.135879
532.000000	1.119163
530.000000	1.103229
528.000000	1.084792
526.000000	1.063141
524.000000	1.045394
522.000000	1.024391
520.000000	1.009583
518.000000	0.989791
516.000000	0.972597
514.000000	0.945001
512.000000	0.932616
510.000000	0.927699
508.000000	0.907354
506.000000	0.890626
504.000000	0.879058
502.000000	0.867735
500.000000	0.847362
498.000000	0.843444
496.000000	0.829699
494.000000	0.824666
492.000000	0.807292
490.000000	0.786478
488.000000	0.779863
486.000000	0.792296
484.000000	0.774361
482.000000	0.782250
480.000000	0.771481
478.000000	0.750565
476.000000	0.731960
474.000000	0.724235
472.000000	0.724152
470.000000	0.716043
468.000000	0.709288
466.000000	0.686165
464.000000	0.673939
462.000000	0.671525
460.000000	0.668230
458.000000	0.645260
456.000000	0.661293
454.000000	0.644342
452.000000	0.631563
450.000000	0.620369
448.000000	0.607262
446.000000	0.603113
444.000000	0.615777
442.000000	0.595976
440.000000	0.615850
438.000000	0.598314
436.000000	0.599354
434.000000	0.600865
432.000000	0.596053
430.000000	0.589057
428.000000	0.563655
426.000000	0.549299
424.000000	0.561303
422.000000	0.549042
420.000000	0.523386
418.000000	0.528004
416.000000	0.533954
414.000000	0.534756
412.000000	0.543955
410.000000	0.532907
408.000000	0.533803
406.000000	0.487860
404.000000	0.529843
402.000000	0.528617
400.000000	0.511293
398.000000	0.504368
396.000000	0.493056
394.000000	0.504723
392.000000	0.507226
390.000000	0.504020
388.000000	0.528524
386.000000	0.482202
384.000000	0.475406
382.000000	0.492329
380.000000	0.453484
378.000000	0.468824
376.000000	0.419946
374.000000	0.464838
372.000000	0.443030
370.000000	0.486722
368.000000	0.489777
366.000000	0.424288
364.000000	0.526477
362.000000	0.436603
360.000000	0.411290
358.000000	0.542697
356.000000	0.493400
354.000000	0.428355
352.000000	0.456053
350.000000	0.466027
348.000000	0.468511
346.000000	0.449914
344.000000	0.443482
342.000000	0.369126
340.000000	0.475762
338.000000	0.449433
336.000000	0.501977
334.000000	0.328909
332.000000	0.343191
330.000000	0.302421
328.000000	0.404398
326.000000	0.440985
324.000000	0.344929
322.000000	0.339108
320.000000	0.371107
318.000000	0.407867
316.000000	0.342363
314.000000	0.384157
312.000000	0.403704
310.000000	0.394026
308.000000	0.345161
306.000000	0.421680
304.000000	0.389467
302.000000	0.423648
300.000000	0.344739
298.000000	0.349052
296.000000	0.389586
294.000000	0.353276
292.000000	0.413242
290.000000	0.428777
288.000000	0.368778
286.000000	0.382650
284.000000	0.369779
282.000000	0.409507
280.000000	0.373008
278.000000	0.357686
276.000000	0.349514
274.000000	0.349811
272.000000	0.317187
270.000000	0.314532
268.000000	0.342737
266.000000	0.356270
264.000000	0.329791
262.000000	0.329347
260.000000	0.352680
258.000000	0.328026
256.000000	0.326920
254.000000	0.334190
252.000000	0.314645
250.000000	0.316785
248.000000	0.313698
246.000000	0.303335
244.000000	0.287741
242.000000	0.293905
240.000000	0.289766
238.000000	0.231958
236.000000	0.228537
234.000000	0.242106
232.000000	0.233341
230.000000	0.205315
228.000000	0.182962
226.000000	0.161982
224.000000	0.157648
222.000000	0.148390
220.000000	0.121235
218.000000	0.114143
216.000000	0.107318
214.000000	0.076457
212.000000	0.051130
210.000000	0.020231
208.000000	0.027991
206.000000	0.064714
204.000000	0.073377
202.000000	0.033658
200.000000	-0.040988
198.000000	-0.002914
196.000000	0.010556
194.000000	-0.090531
192.000000	-0.098115
190.000000	-0.317143
188.000000	2.084608
186.000000	11.182641
184.000000	-48.377200
182.000000	-1052.378253
180.000000	-10.311392
